1292822630289
1145063478689
1247584441649
1261709339599
1077807133149
1212894172119
1254671539349
1224330418239
1275272667879
983757754927
1143298158569
1332628159699
1332559323809
1112909555439
1335455325829
1088684347189
1317654523149
1305689425219
1004256888387
1323858308839
1205600486509
1246508212619
1335484944419
1105579079789
1107269987339
1112982593899
1333061987289
1307323432579
1238411354699
1302292926199
1252636412229
1129797006259
1351941707039
1338735035529
257475053817
1308099513859
1308764542979
1144818255219
995362705647
1331332022919
1090095197079
1245548441919
1251753691989
1247756977709
1296320512549
1333474119989
1341003580809
1311419804939
1319908073579
1079616525089
1322789201109
1305058959479
1111973355239
1325917828919
1314687157679
1082584572599
1330956299119
1253881195409
1119991698319
1253867584699
1339748657299
1292822630289
1306018990959
1145063478689
1288951702239
1247584441649
1296311585849
1261709339599
1134247527889
1077807133149
1212894172119
1254671539349
1224330418239
1275272667879
983757754927
1143298158569
1332628159699
1332559323809
1112909555439
1335455325829
1088684347189
1317654523149
1305689425219
1004256888387
1323858308839
1320386755329
1339401488909
1296113693949
1120175899269
1216986321849
1353873414829
1298008651819
1344902994059
1280195873319
1317551053669
1236007424479
1258439950769
1333290390449
1303267350729
1317678063559
1292822630289
1247584441649
1077807133149
1254671539349
1212894172119
1224330418239
1275272667879
983757754927
1143298158569
1332628159699
1332559323809
1112909555439
1088684347189
1335455325829
1317654523149
1305689425219
1004256888387
1323858308839
1090095197079
1245548441919
1296311585849
1134247527889
1296113693949
1216986321849
1320386755329
1120175899269
1344902994059
1280195873319
1317551053669
1353873414829
1298008651819
1236007424479
1258439950769
1303267350729
1224351039919
1317678063559
1318523712919
1308764322319
1123865274289
1333969501689
1292822630289
1247584441649
1077807133149
1105579079789
1107269987339
1254671539349
1212894172119
1224330418239
1275272667879
983757754927
1143298158569
1332628159699
1332559323809
1112909555439
1088684347189
1112982593899
1335455325829
1317654523149
1333061987289
1305689425219
1307323432579
1004256888387
1238411354699
1323858308839
1302292926199
1090095197079
1252636412229
1245548441919
1129797006259
1351941707039
1338735035529
1308099513859
257475053817
1144818255219
995362705647
1339748657299
1308764542979
1331332022919
1306018990959
1288951702239
1251753691989
1247756977709
1296320512549
1333474119989
1341003580809
1311419804939
1319908073579
1079616525089
1322789201109
1305058959479
1325917828919
1111973355239
1082584572599
1330956299119
1253881195409
1119991698319
1253867584699
1205600486509
1246508212619
1335484944419
1251753691989
1247756977709
1296320512549
1333474119989
1341003580809
1311419804939
1319908073579
1079616525089
1322789201109
1305058959479
1325917828919
1111973355239
1082584572599
1330956299119
1253881195409
1119991698319
1253867584699
1205600486509
1246508212619
1335484944419
1292822630289
1247584441649
1077807133149
1254671539349
1212894172119
1224330418239
1275272667879
983757754927
1143298158569
1332628159699
1332559323809
1112909555439
1088684347189
1335455325829
1317654523149
1305689425219
1004256888387
1323858308839
1090095197079
1245548441919
1296311585849
1134247527889
1296113693949
1216986321849
1320386755329
1120175899269
1344902994059
1280195873319
1317551053669
1353873414829
1298008651819
1236007424479
1258439950769
1303267350729
1224351039919
1317678063559
1318523712919
1308764322319
1123865274289
1333969501689
1105579079789
1107269987339
1112982593899
1333061987289
1307323432579
1238411354699
1302292926199
1252636412229
1129797006259
1351941707039
1338735035529
1308099513859
257475053817
1144818255219
995362705647
1339748657299
1308764542979
1331332022919
1306018990959
1288951702239
1292822630289
1247584441649
1077807133149
1254671539349
1212894172119
1224330418239
1275272667879
983757754927
1143298158569
1332628159699
1332559323809
1112909555439
1088684347189
1335455325829
1317654523149
1305689425219
1004256888387
1323858308839
1090095197079
1245548441919
1296311585849
1134247527889
1296113693949
1216986321849
1320386755329
1120175899269
1344902994059
1280195873319
1317551053669
1353873414829
1298008651819
1236007424479
1258439950769
1303267350729
1224351039919
1317678063559
1318523712919
1308764322319
1123865274289
1333969501689
1338913318779
1247439979559
1100046792569
1100047795569
1100049641089
1100047294069
1100050162649
1291300026139
1313223028429
1279967580489
1353939512529
1013543665387
1379135915649
1405690962509
1360712420479
1317301457119
1148549044109
1332841257079
1337612879129
1345483881509
1226620989399
1247385637019
1309043768149
1275227633179
1329191380199
1303146108089
1299937571269
1298122773159
1131283452259
1307550541869
1249545557399
1345777579969
1292924906199
1330864675069
1336182440649
1305442707279
1324473940209
1303244101189
1339036487179
1353959341839
1353526246439
1353518643699
1406674594579
1007282337587
1122193604279
1060162467479
1310565499689
1144297818579
1321760624609
1353935099329
1325889243419
1308978452789
1333326518509
1309014410339
1331270719559
1228401244189
1348794072379
1307813187449
1303345865569
1257293040329
1330089195589
1317005341429
1350438189979
1389757565289
1332758469459
1338088973139
1419292414819
1345704932679
1371736403509
1200302309519
1152748464689
1278032261899
1354206460979
1296316620909
1215673775989
1257519778509
1135037179759
1353889583189
1310501397959
1352061395029
1302252053949
1353945911669
1247447191129
1392425956519
1308968984469
1331683163189
1248595295139
1353815551759
1330557867399
1059828789439
1325959363149
1299961161829
1247575354469
1324699565059
1310574907829
1335820257349
1287327554369
1428463606099
1353190050869
1105579079789
1107269987339
1112982593899
1333061987289
1307323432579
1238411354699
1302292926199
1252636412229
1129797006259
1351941707039
1338735035529
1308099513859
257475053817
1144818255219
995362705647
1339748657299
1308764542979
1331332022919
1306018990959
1288951702239
1238402197309
1308412861089
1204042376159
1312169868399
1341313226969
1286828652139
1322666764899
1312212174939
1118943794009
1298591956499
1274831708959
1332332866469
1313369526609
1146288422529
1297287384489
1334121857389
1351514017809
1288057477589
1328188931849
1302954143919
1332898518349
1312146949849
1349812027109
899395505167
1316931500569
1337618686499
1341899741249
1249580251169
1250881974659
881127113917
1328633812499
1296295417489
1357405198489
1107560235479
1083260353879
1259996295839
965742641237
1328255942279
1296114365959
535906660247
1251753691989
1247756977709
1296320512549
1333474119989
1341003580809
1311419804939
1319908073579
1079616525089
1322789201109
1305058959479
1325917828919
1111973355239
1082584572599
1330956299119
1253881195409
1119991698319
1253867584699
1205600486509
1246508212619
1335484944419
1273431882039
1082936003739
1364413189579
1342887054329
1135620815429
1079296959259
1344948931459
1323789322499
1313612352909
1319132634219
1205974966589
1353530188229
1353534952479
1073948160859
1296114977789
1310514547289
1342828820149
1230485678789
1376852375519
1111027596449
1137775550299
1348787733419
1301873150639
1108769713059
1329232603499
1338406262159
1409108343989
1326015862139
1357754984709
1256935250169
1054142752349
1328304256789
1302404790789
1303083179869
1293039729639
1245046460479
1141485827839
1267599166229
1341693584629
1292822630289
1247584441649
1077807133149
1254671539349
1212894172119
1224330418239
1275272667879
983757754927
1143298158569
1332628159699
1332559323809
1112909555439
1088684347189
1335455325829
1317654523149
1305689425219
1004256888387
1323858308839
1090095197079
1245548441919
1319095232349
1291570364729
1329056717419
1204424168109
1309296955439
982541196167
1246864036899
1309292351669
1278987428829
1345774952109
1225706975559
1309991472759
1210119793879
1111973224849
1231120868659
1118122537609
1323516937789
1123888152719
1348418448879
1353651681619
568244864687
551466730837
1232213235959
1222858947029
1348795486609
1345565184689
1226920555409
1230548426469
1225426396339
1316916385359
1113064448729
1111993806409
1209230704589
1138399977979
1277397292689
1215689773839
887507056497
1358874392889
1311993932169
1348784644179
1325573599319
1287367554009
1336722716629
1287337233319
1351078986619
1295548132339
1317796076539
1079282957379
1079294903109
1146294219869
1350244410379
1353867085899
1306300242189
1028340613457
1079286989439
1379135303819
1334161054629
1047456188657
1113080336249
1406693009659
1310541578139
1268471665899
1345696377089
1344941017789
1341406305369
1317910017339
1343775391369
1343775401399
1292034573189
1339156295529
1055956417069
1292832620169
1344438394429
1280996708639
1246803776659
1318584163729
1326183814489
1333620056489
1341637587139
1349563694339
1330423565699
1328509781519
1329100578609
1331282033399
1353513277649
1083355227649
1350319635379
1096745277649
1335368295519
1314248595929
831454020357
1296115940669
1210124016509
1296112751129
1434895142999
1245400489389
1051340576967
1332901768069
1332888678919
1264032618589
1319277146459
1063031548979
1441820055599
1022783953337
1442584261359
839121493977
1406572759989
1281262533729
1431867607559
1228278898249
858586785187
1021527535357
1376833870169
1232399673599
1358437205249
687400131297
1329012184219
1397790311449
1396235500969
1314155818429
1366156654329
1439100330829
1379224600909
1079299256129
1379227609909
1354301585499
1346278869339
1350309725739
1348862105869
1355554452859
1378858866989
1307291487029
1391586425459
1144856981049
1369852458579
1413519778709
1383210793719
1296125739979
1406453292659
1350250659069
1258700760859
1361260570009
1361056228819
1312361120439
1420088505949
1406693019689
1083166453019
1428559583169
1046521011517
1215443557399
1428001734629
1047753989387
1324658572449
1407610895079
1137013300389
1105768666849
1223568940639
909612755237
865591546617
915005575307
1230528948209
1378396122909
723309226367
1354087976589
1409596032679
1311401821149
1113214858609
1391259828599
1315760728759
1110894809279
1424809737279
1357456291309
1407916719809
1350230298169
1060160581839
1130687880889
1350250147539
1412742764639
1435967169459
1388563243039
1438521639949
1379096337269
1435965985919
1359892066779
1358596521769
1392381232749
1394752826249
1413189701439
1358592028329
1410678841389
1394752836279
1113054649419
1411468764069
1267003404289
1376415849859
1405404285049
1424980839049
1406692989599
1438484739579
1432035118589
1394641523339
1130899574069
1364884870389
1429356225949
1425526220299
1110960987219
1115588086999
1429350639239
1440039108739
1113060797809
1403887889469
1431684921139
1425811904789
957654068097
1397935485669
1404576348669
1389943631819
1401143069639
1358055262849
1440033160949
1383210793719
1367334677829
1382793876709
1407658768269
1406453292659
1253880212469
1348862105869
1364717078519
1391586425459
1357069043039
1363623948939
1424871642439
1245155657089
1350310477989
1119744589209
1139524310889
1252914233199
1357097106979
1393206661629
1424809737279
1434070075199
1409596032679
1382718250509
1391259828599
1406273364489
1359892066779
1392381232749
1388563243039
1379224600909
1400441240449
1379227609909
1429350639239
1346278869339
1429356225949
1358437205249
1405404285049
1366156654329
1389927543699
1329012184219
1431684921139
1144428589719
1369824484909
1405195420329
1397131631319
1396235500969
1403887889469
1397935485669
1406453292659
1419128965939
1417628016559
1389943631819
1313679182799
1312598269759
1312592743229
1311593534569
1311609592599
1296118819279
1318613511509
975662842827
1357449611329
1358061541629
1357464044499
839114763847
1058745188359
1027601252007
1438504598979
1435693149859
1404576348669
1355344384539
1367334677829
1389735760069
1350230298169
1435970970829
1419681608909
1419480938699
1438859821459
1411100552739
1439282214849
1364717078519
1401025919239
1357069043039
1394641513309
1424871642439
1048354645967
1411468764069
1441820055599
1400887856289
1440992069069
1368973991059
1441742293009
1355667450839
1393408395019
1367543592699
1333112749119
1397006095839
1404134988549
1425526220299
1432561773829
1401143069639
1410678841389
1440033160949
1357456291309
1440039108739
1428887393659
1350295974609
1400200279729
1129628843279
1223695860259
1248589999299
1425518266509
1146786823259
1376502408759
1426075613549
1440039108739
1367334677829
1389735760069
1419480938699
1364717078519
1411468764069
1350246326109
1350295974609
1413189701439
1357069043039
1424871642439
1435967169459
626883955787
1394641533369
1422747709699
1369824484909
1388565780629
1357728194579
1361800956319
1425520713829
1357265169659
1350310598349
1412512706529
1395515958799
1435985524359
1419096207959
1435985323759
1411331483459
1435820651219
1435869507349
1429195284569
1363540770149
1130687880889
1429356225949
1429350639239
1431684921139
1389927543699
1400441240449
626883955787
1113054649419
1432035118589
1124880430649
1405404285049
1422747709699
1394641533369
1388565780629
1369824484909
1405145902219
1376335288899
1357728194579
1361800956319
1435019906169
1279071209419
1290240737779
1442029090829
1407591095859
1373549406249
1444320644929
1444320053159
1363623948939
1391586425459
1378858866989
1383210793719
1382793876709
1358055262849
1369852458579
1369751085369
1369620825759
1371911597519
1236089750719
1371597788909
1350214651369
1437976429209
1435693149859
1429195284569
1371890694999
1435985323759
1146786823259
1394641513309
1425518266509
1248589999299
1223695860259
1442155539039
1440992069069
1441820055599
1441742293009
1319277146459
1429478220839
1144428589719
858586785187
1376833870169
1404134988549
1393241505849
1338118190529
1444320644929
803276470547
1404378697489
1127935187509
1345477261709
1383125057279
1129088988559
1365988240599
1432486288049
1394773227269
1428891475869
1393392888639
1424799627039
1419982067589
1329033277309
1413109120419
1424787751519
1295784228509
1321546092939
1409712731729
808940501817
1363011978519
1355481534759
803276470547
1402859152489
1384385998789
1322755851359
1394641493249
1406216223579
1367399160699
1427853410989
1367373584199
1236452415459
1442540029059
1384220453639
1384636287409
1405138690649
1408793753039
1402373269199
849127381857
1422970185129
1404378697489
1383209349399
1088883964249
1397457917249
1127935187509
1353884467889
1411361673759
1374651201749
1350045525509
1372392405629
1366543892569
1301379574339
1417655518819
1384484242639
1435970358999
1388293947569
1434070075199
1382718250509
1406273364489
1392381232749
1419249907679
1144428589719
1405195420329
1429478220839
1421895982159
1428887393659
1027380361317
1404134988549
1432561773829
1410678841389
1380165063859
1419920112279
1444033806989
1373681370959
1378165633509
1357722748289
1414476690859
1366683760919
1388589010109
1400194562629
1378058513109
1358559942359
1393100825069
1350412222309
1350279023909
1307241958889
1109203560709
1137733103339
1139539065019
789282554367
1366785836229
1429707486579
1382785932949
1393392888639
1044075737637
1364156210949
1395115490989
1442445095109
1350214651369
1429728228619
1389939308889
1422553378449
1397360345409
1371829602269
1127935187509
1380867544999
1343378965649
1348673341269
1428891475869
1371597788909
1358062293879
1366199562669
1279063506379
1279116745619
1279110697529
1279093305509
1279088992609
1279082693769
1411351764119
1394909755629
1145341420019
1371177511849
1375131307759
1403833747529
1393418384899
1417019055139
1044081575097
1279082693769
1414302981289
1363663326719
1366624644099
1349132203739
1393353450679
1145341420019
995628039267
1411351764119
1412841138879
1295266209099
1279099674559
1313794487679
1377931162199
1444162592189
1369608518949
1118442344159
1279082693769
1411351764119
1279099674559
1444320313939
1279063506379
1279116745619
1279110697529
1145341420019
1394909755629
1378741997429
1313794487679
1444162592189
1349132203739
1118442344159
1350245423409
1407475199209
1422412346619
1366275780639
1412281143919
1378029606649
1378132965799
1357434054799
1411259277489
1373595544249
696868160427
1350231441589
1407620162799
1392777046639
1384445165759
1129625974699
1331009217399
1350489954809
1416987330249
1118364120189
1408105093239
1411320791479
1403561162219
1403853867709
1407589601389
1413221556719
1411206068339
1413590560419
1425396211439
1358129795779
1376291708549
1380400808979
1373836264249
1373767869679
1364879052989
1077199977129
1418844896279
1371582312619
1392520268609
1394590059409
1425692668149
1425712437279
1425993929229
1426096997509
1425423713699
1411320791479
1408105093239
1413221556719
1411206068339
1407589601389
1403561162219
1403853867709
1416138501379
1413590560419
1417606702809
1417706822269
1418253687959
1418844896279
1392520268609
1393028950089
1410648380279
1404004418009
1410676855449
1393185227519
1357326773919
1393215267369
1432290733139
1422571011189
1394925873839
1414476690859
1350222655309
1053549417669
1366683760919
1053514282579
1356008922189
1017959302677
1388589010109
1092527803069
1400194562629
1044055537217
1358559942359
1420174834159
1405127567379
1412696526339
1405382740609
1409594698689
1419680114439
1380372564499
1202238189789
1438836391379
1366527022109
1373268445889
1415890619959
1395345027539
1350412222309
1415500232299
1350309826039
1429779692549
1366785836229
1295266209099
1429707486579
1417813049999
1279093305509
966750495757
1279088992609
1388592410279
1391260289979
1435151730459
1435747773239
1417445741369
1416851112819
1429050531609
1366275780639
1435939667199
1129618482289
1412281143919
1378029606649
769424809317
1422434462769
